255 247 247 247 247 247 247 247 247 247 247 247 247 247 247 255
247   2  24  24  24  24  24  24  24  24  24  24  24  24   2 247
247  24 255 255 255 255 255 255 255 255 255 255 255 255  24 247
247  24 255 255 255 255 255 255 255 255 255 255 255 255  24 247
247  24 255 255 255 255 255 255 255 255 255 255 255 255  24 247
247  24 255 255 232 201 238 232 255 255 255 255 255 255  24 247
247  24 255 255 215 162 225 216 255 255 255 255 255 255  24 247
247  24 255 255 255 235 220 255 255 255 255 255 255 255  24 247
247  24 255 255 255 235 192 179 180 188 189 188 240 255  24 247
247  24 255 255 255 255 233 175 176 204 204 204 244 255  24 247
247  24 255 255 255 255 255 242 242 255 255 255 255 255  24 247
247  24 255 255 255 255 255 255 255 255 255 255 255 255  24 247
247  24 255 255 255 255 255 255 255 255 255 255 255 255  24 247
247  24 255 255 255 255 255 255 255 255 255 255 255 255  24 247
247   2  24  24  24  24  24  24  24  24  24  24  24  24   2 247
255 247 247 247 247 247 247 247 247 247 247 247 247 247 247 255
255 247 247 247 247 247 247 247 247 247 247 247 247 247 247 255
247   2  24  24  24  24  24  24  24  24  24  24  24  24   2 247
247  24 255 255 255 255 255 255 255 255 255 255 255 255  24 247
247  24 255 255 255 255 255 255 255 255 255 255 255 255  24 247
247  24 255 255 255 255 255 255 255 255 255 255 255 255  24 247
247  24 255 255 249 241 224 215 255 255 255 255 255 255  24 247
247  24 255 255 245 231 202 185 255 255 255 255 255 255  24 247
247  24 255 255 255 219 192 255 255 255 255 255 255 255  24 247
247  24 255 255 255 219 145 148 146 135 134 134 229 255  24 247
247  24 255 255 255 255 219 134 133 163 162 162 235 255  24 247
247  24 255 255 255 255 255 232 232 255 255 255 255 255  24 247
247  24 255 255 255 255 255 255 255 255 255 255 255 255  24 247
247  24 255 255 255 255 255 255 255 255 255 255 255 255  24 247
247  24 255 255 255 255 255 255 255 255 255 255 255 255  24 247
247   2  24  24  24  24  24  24  24  24  24  24  24  24   2 247
255 247 247 247 247 247 247 247 247 247 247 247 247 247 247 255
255 247 247 247 247 247 247 247 247 247 247 247 247 247 247 255
247   2  24  24  24  24  24  24  24  24  24  24  24  24   2 247
247  24 255 255 255 255 255 255 255 255 255 255 255 255  24 247
247  24 255 255 255 255 255 255 255 255 255 255 255 255  24 247
247  24 255 255 255 255 255 255 255 255 255 255 255 255  24 247
247  24 255 255 254 252 225 216 255 255 255 255 255 255  24 247
247  24 255 255 253 250 204 188 255 255 255 255 255 255  24 247
247  24 255 255 255 220 195 255 255 255 255 255 255 255  24 247
247  24 255 255 255 220 150 156 154 140 139 139 230 255  24 247
247  24 255 255 255 255 220 142 140 167 166 166 236 255  24 247
247  24 255 255 255 255 255 233 233 255 255 255 255 255  24 247
247  24 255 255 255 255 255 255 255 255 255 255 255 255  24 247
247  24 255 255 255 255 255 255 255 255 255 255 255 255  24 247
247  24 255 255 255 255 255 255 255 255 255 255 255 255  24 247
247   2  24  24  24  24  24  24  24  24  24  24  24  24   2 247
255 247 247 247 247 247 247 247 247 247 247 247 247 247 247 255

255 247 247 247 247 247 247 247 247 247 247 247 247 247 247 255
247   2  24  24  24  24  24  24  24  24  24  24  24  24   2 247
247  24 255 255 255 255 255 255 255 255 255 255 255 255  24 247
247  24 255 255 255 255 255 255 240 244 255 255 255 255  24 247
247  24 255 255 255 255 255 255 188 204 255 255 255 255  24 247
247  24 255 255 255 255 255 255 189 204 255 255 255 255  24 247
247  24 255 255 255 255 255 255 188 204 255 255 255 255  24 247
247  24 255 255 255 255 255 255 180 176 242 255 255 255  24 247
247  24 255 255 255 232 216 255 179 175 242 255 255 255  24 247
247  24 255 255 255 238 225 220 192 233 255 255 255 255  24 247
247  24 255 255 255 201 162 235 235 255 255 255 255 255  24 247
247  24 255 255 255 232 215 255 255 255 255 255 255 255  24 247
247  24 255 255 255 255 255 255 255 255 255 255 255 255  24 247
247  24 255 255 255 255 255 255 255 255 255 255 255 255  24 247
247   2  24  24  24  24  24  24  24  24  24  24  24  24   2 247
255 247 247 247 247 247 247 247 247 247 247 247 247 247 247 255
255 247 247 247 247 247 247 247 247 247 247 247 247 247 247 255
247   2  24  24  24  24  24  24  24  24  24  24  24  24   2 247
247  24 255 255 255 255 255 255 255 255 255 255 255 255  24 247
247  24 255 255 255 255 255 255 229 235 255 255 255 255  24 247
247  24 255 255 255 255 255 255 134 162 255 255 255 255  24 247
247  24 255 255 255 255 255 255 134 162 255 255 255 255  24 247
247  24 255 255 255 255 255 255 135 163 255 255 255 255  24 247
247  24 255 255 255 255 255 255 146 133 232 255 255 255  24 247
247  24 255 255 255 215 185 255 148 134 232 255 255 255  24 247
247  24 255 255 255 224 202 192 145 219 255 255 255 255  24 247
247  24 255 255 255 241 231 219 219 255 255 255 255 255  24 247
247  24 255 255 255 249 245 255 255 255 255 255 255 255  24 247
247  24 255 255 255 255 255 255 255 255 255 255 255 255  24 247
247  24 255 255 255 255 255 255 255 255 255 255 255 255  24 247
247   2  24  24  24  24  24  24  24  24  24  24  24  24   2 247
255 247 247 247 247 247 247 247 247 247 247 247 247 247 247 255
255 247 247 247 247 247 247 247 247 247 247 247 247 247 247 255
247   2  24  24  24  24  24  24  24  24  24  24  24  24   2 247
247  24 255 255 255 255 255 255 255 255 255 255 255 255  24 247
247  24 255 255 255 255 255 255 230 236 255 255 255 255  24 247
247  24 255 255 255 255 255 255 139 166 255 255 255 255  24 247
247  24 255 255 255 255 255 255 139 166 255 255 255 255  24 247
247  24 255 255 255 255 255 255 140 167 255 255 255 255  24 247
247  24 255 255 255 255 255 255 154 140 233 255 255 255  24 247
247  24 255 255 255 216 188 255 156 142 233 255 255 255  24 247
247  24 255 255 255 225 204 195 150 220 255 255 255 255  24 247
247  24 255 255 255 252 250 220 220 255 255 255 255 255  24 247
247  24 255 255 255 254 253 255 255 255 255 255 255 255  24 247
247  24 255 255 255 255 255 255 255 255 255 255 255 255  24 247
247  24 255 255 255 255 255 255 255 255 255 255 255 255  24 247
247   2  24  24  24  24  24  24  24  24  24  24  24  24   2 247
255 247 247 247 247 247 247 247 247 247 247 247 247 247 247 255

251 227 227 227 227 227 227 227 227 227 227 227 227 227 227 253
227  45  79  79  79  79  79  79  79  79  79  79  79  79  42 239
227  79 254 254 254 254 254 254 254 254 254 254 254 254  67 239
227  79 254 255 255 255 255 255 255 255 255 255 255 254  67 239
227  79 254 255 255 255 255 254 254 255 255 253 254 254  67 239
227  79 254 254 254 254 253 245 227 241 254 242 249 253  67 239
227  79 252 240 219 220 217 202 175 211 239 224 246 253  67 239
227  79 252 232 202 210 202 195 194 209 219 212 246 254  67 239
227  79 253 249 243 250 244 240 237 226 225 218 235 252  67 239
227  79 254 255 255 255 255 254 236 230 221 206 210 248  67 239
227  79 254 255 255 255 254 251 244 245 242 232 236 252  67 239
227  79 254 255 255 255 254 254 253 254 255 253 254 254  67 239
227  79 254 255 255 255 255 255 255 255 255 255 255 254  67 239
227  79 254 254 254 254 254 254 254 254 254 254 254 254  67 239
227  42  67  67  67  67  67  67  67  67  67  67  67  67  40 239
253 239 239 239 239 239 239 239 239 239 239 239 239 239 239 254
251 227 227 227 227 227 227 227 227 227 227 227 227 227 227 253
227  45  79  79  79  79  79  79  79  79  79  79  79  79  42 239
227  79 254 254 254 254 254 254 254 254 254 254 254 254  67 239
227  79 254 255 255 255 255 255 255 255 255 255 255 254  67 239
227  79 254 255 255 255 255 254 254 255 255 252 253 253  67 239
227  79 254 254 254 254 252 241 233 246 254 233 246 253  67 239
227  79 252 235 206 207 200 180 165 206 241 207 241 253  67 239
227  79 250 215 166 186 166 149 153 176 208 211 246 254  67 239
227  79 252 239 224 241 228 216 214 201 204 231 248 253  67 239
227  79 254 254 254 254 254 253 222 214 228 238 243 252  67 239
227  79 254 255 255 255 254 249 236 240 249 248 250 253  67 239
227  79 254 255 255 255 254 253 253 254 255 254 254 254  67 239
227  79 254 255 255 255 255 255 255 255 255 255 255 254  67 239
227  79 254 254 254 254 254 254 254 254 254 254 254 254  67 239
227  42  67  67  67  67  67  67  67  67  67  67  67  67  40 239
253 239 239 239 239 239 239 239 239 239 239 239 239 239 239 254
251 227 227 227 227 227 227 227 227 227 227 227 227 227 227 253
227  45  79  79  79  79  79  79  79  79  79  79  79  79  42 239
227  79 254 254 254 254 254 254 254 254 254 254 254 254  67 239
227  79 254 255 255 255 255 255 255 255 255 255 255 254  67 239
227  79 254 255 255 255 255 254 254 255 255 252 253 253  67 239
227  79 254 254 254 254 252 242 237 249 254 234 246 253  67 239
227  79 252 237 211 211 205 187 176 213 246 210 241 253  67 239
227  79 251 224 183 195 182 171 169 186 215 218 247 254  67 239
227  79 253 244 235 245 237 230 224 208 207 237 252 253  67 239
227  79 254 254 254 254 254 253 223 216 234 248 252 253  67 239
227  79 254 255 255 255 254 249 236 241 251 253 254 254  67 239
227  79 254 255 255 255 254 253 253 254 255 255 255 254  67 239
227  79 254 255 255 255 255 255 255 255 255 255 255 254  67 239
227  79 254 254 254 254 254 254 254 254 254 254 254 254  67 239
227  42  67  67  67  67  67  67  67  67  67  67  67  67  40 239
253 239 239 239 239 239 239 239 239 239 239 239 239 239 239 254

253 234 233 233 233 233 233 233 233 233 233 233 233 233 234 253
234  43  74  74  74  74  74  74  74  74  74  74  74  74  43 234
233  74 254 254 254 254 254 254 252 248 251 254 254 254  74 233
233  74 254 255 254 250 246 245 235 211 235 254 255 254  74 233
233  74 254 255 254 243 225 213 218 208 231 254 255 254  74 233
233  74 254 255 255 254 241 220 225 222 241 255 255 254  74 233
233  74 254 255 255 241 209 208 227 230 245 255 255 254  74 233
233  74 254 255 255 230 177 193 237 238 244 254 255 254  74 233
233  74 254 255 255 246 205 193 240 254 252 254 255 254  74 233
233  74 254 255 255 254 220 201 245 255 255 255 255 254  74 233
233  74 254 255 255 255 223 208 250 255 255 255 255 254  74 233
233  74 254 255 255 255 222 201 243 255 255 255 255 254  74 233
233  74 254 255 255 255 243 233 249 255 255 255 255 254  74 233
233  74 254 254 254 254 253 252 254 254 254 254 254 254  74 233
234  43  74  74  74  74  74  74  74  74  74  74  74  74  43 234
253 234 233 233 233 233 233 233 233 233 233 233 233 233 234 253
253 234 233 233 233 233 233 233 233 233 233 233 233 233 234 253
234  43  74  74  74  74  74  74  74  74  74  74  74  74  43 234
233  74 254 254 254 253 254 254 254 252 253 254 254 254  74 233
233  74 254 255 253 246 239 245 249 243 250 255 255 254  74 233
233  74 254 255 253 235 209 211 230 238 248 255 255 254  74 233
233  74 254 255 255 255 242 209 204 228 249 255 255 254  74 233
233  74 254 255 255 247 206 175 201 214 238 255 255 254  74 233
233  74 254 255 255 235 168 152 213 225 236 253 255 254  74 233
233  74 254 255 255 243 184 148 214 253 250 253 255 254  74 233
233  74 254 255 255 253 205 166 227 255 255 255 255 254  74 233
233  74 254 255 255 255 211 184 241 255 255 255 255 254  74 233
233  74 254 255 255 255 210 165 222 255 255 255 255 254  74 233
233  74 254 255 255 255 238 217 239 255 255 255 255 254  74 233
233  74 254 254 254 254 253 251 253 254 254 254 254 254  74 233
234  43  74  74  74  74  74  74  74  74  74  74  74  74  43 234
253 234 233 233 233 233 233 233 233 233 233 233 233 233 234 253
253 234 233 233 233 233 233 233 233 233 233 233 233 233 234 253
234  43  74  74  74  74  74  74  74  74  74  74  74  74  43 234
233  74 254 254 254 253 254 254 254 254 254 254 254 254  74 233
233  74 254 255 253 246 240 246 252 252 254 255 255 254  74 233
233  74 254 255 253 236 212 218 236 248 254 255 255 254  74 233
233  74 254 255 255 255 246 216 207 233 251 255 255 254  74 233
233  74 254 255 255 249 214 185 208 216 239 255 255 254  74 233
233  74 254 255 255 239 179 168 224 226 236 253 255 254  74 233
233  74 254 255 255 244 191 169 228 253 250 253 255 254  74 233
233  74 254 255 255 253 209 181 237 255 255 255 255 254  74 233
233  74 254 255 255 255 214 193 245 255 255 255 255 254  74 233
233  74 254 255 255 255 214 182 233 255 255 255 255 254  74 233
233  74 254 255 255 255 240 226 245 255 255 255 255 254  74 233
233  74 254 254 254 254 253 252 253 254 254 254 254 254  74 233
234  43  74  74  74  74  74  74  74  74  74  74  74  74  43 234
253 234 233 233 233 233 233 233 233 233 233 233 233 233 234 253
